0| Киев| 2546.64| 15460| true| 0| 0
1| Белая Церковь| 548.37| 5687| false| 0| 0
2| Браворы| 679.42| 2497| false| 0| 0
3| Урюпенск| 467.91| 3497| false| 0| 0

4| Харьков| 2349.76| 16684| false| 1| 1
5| Волчанск| 548.37| 5687| false| 1| 1
6| Белый Колодец| 254.56| 2412| false| 1| 1
7| Юрченково| 197.12| 549| false| 1| 1

8| Богодухов| 1254.17| 2412| false| 2| 1
9| Коблево| 149.46| 897| false| 2| 1
10| Ахтырка| 547.23| 668| false| 2| 1
11| Красный Луч| 738.15| 837| false| 2| 1

12| Чугуев| 1567.39| 3497| false| 3| 1
13| Новодвинск| 371.62| 249| false| 3| 1
14| Ракитное| 427.86| 402| false| 3| 1
15| Грайворон| 947.6| 879| false| 3| 1

16| Сумы| 1742.13| 4562| false| 4| 2
17| Курган| 514.67| 394| false| 4| 2
18| Рябушки| 349.64| 309| false| 4| 2
19| Черепушки| 731.25| 735| false| 4| 2

20| Белополье| 1531.67| 3984| false| 5| 2
21| Травянистое| 349.64| 309| false| 5| 2
22| Зеркальное| 573.61| 654| false| 5| 2
23| Зайцево| 490.34| 554| false| 5| 2